0 144 90.000000
144 0 90.000000
1 144 90.000000
144 1 90.000000
2 144 90.000000
144 2 90.000000
3 144 90.000000
144 3 90.000000
4 144 90.000000
144 4 90.000000
5 144 90.000000
144 5 90.000000
6 144 90.000000
144 6 90.000000
7 144 90.000000
144 7 90.000000
8 144 90.000000
144 8 90.000000
9 144 90.000000
144 9 90.000000
10 144 90.000000
144 10 90.000000
11 144 90.000000
144 11 90.000000
12 144 90.000000
144 12 90.000000
13 144 90.000000
144 13 90.000000
14 144 90.000000
144 14 90.000000
15 144 90.000000
144 15 90.000000
16 145 90.000000
145 16 90.000000
17 145 90.000000
145 17 90.000000
18 145 90.000000
145 18 90.000000
19 145 90.000000
145 19 90.000000
20 145 90.000000
145 20 90.000000
21 145 90.000000
145 21 90.000000
22 145 90.000000
145 22 90.000000
23 145 90.000000
145 23 90.000000
24 145 90.000000
145 24 90.000000
25 145 90.000000
145 25 90.000000
26 145 90.000000
145 26 90.000000
27 145 90.000000
145 27 90.000000
28 145 90.000000
145 28 90.000000
29 145 90.000000
145 29 90.000000
30 145 90.000000
145 30 90.000000
31 145 90.000000
145 31 90.000000
144 153 360.000000
153 144 360.000000
144 154 360.000000
154 144 360.000000
144 155 360.000000
155 144 360.000000
144 156 360.000000
156 144 360.000000
144 157 360.000000
157 144 360.000000
144 158 360.000000
158 144 360.000000
144 159 360.000000
159 144 360.000000
145 153 360.000000
153 145 360.000000
145 154 360.000000
154 145 360.000000
145 155 360.000000
155 145 360.000000
145 156 360.000000
156 145 360.000000
145 157 360.000000
157 145 360.000000
145 158 360.000000
158 145 360.000000
145 159 360.000000
159 145 360.000000
