0 144 100.000000
144 0 100.000000
1 144 100.000000
144 1 100.000000
2 144 100.000000
144 2 100.000000
3 144 100.000000
144 3 100.000000
4 144 100.000000
144 4 100.000000
5 144 100.000000
144 5 100.000000
6 144 100.000000
144 6 100.000000
7 144 100.000000
144 7 100.000000
8 144 100.000000
144 8 100.000000
9 144 100.000000
144 9 100.000000
10 144 100.000000
144 10 100.000000
11 144 100.000000
144 11 100.000000
12 144 100.000000
144 12 100.000000
13 144 100.000000
144 13 100.000000
14 144 100.000000
144 14 100.000000
15 144 100.000000
144 15 100.000000
16 145 100.000000
145 16 100.000000
17 145 100.000000
145 17 100.000000
18 145 100.000000
145 18 100.000000
19 145 100.000000
145 19 100.000000
20 145 100.000000
145 20 100.000000
21 145 100.000000
145 21 100.000000
22 145 100.000000
145 22 100.000000
23 145 100.000000
145 23 100.000000
24 145 100.000000
145 24 100.000000
25 145 100.000000
145 25 100.000000
26 145 100.000000
145 26 100.000000
27 145 100.000000
145 27 100.000000
28 145 100.000000
145 28 100.000000
29 145 100.000000
145 29 100.000000
30 145 100.000000
145 30 100.000000
31 145 100.000000
145 31 100.000000
32 146 100.000000
146 32 100.000000
33 146 100.000000
146 33 100.000000
34 146 100.000000
146 34 100.000000
35 146 100.000000
146 35 100.000000
36 146 100.000000
146 36 100.000000
37 146 100.000000
146 37 100.000000
38 146 100.000000
146 38 100.000000
39 146 100.000000
146 39 100.000000
40 146 100.000000
146 40 100.000000
41 146 100.000000
146 41 100.000000
42 146 100.000000
146 42 100.000000
43 146 100.000000
146 43 100.000000
44 146 100.000000
146 44 100.000000
45 146 100.000000
146 45 100.000000
46 146 100.000000
146 46 100.000000
47 146 100.000000
146 47 100.000000
48 147 100.000000
147 48 100.000000
49 147 100.000000
147 49 100.000000
50 147 100.000000
147 50 100.000000
51 147 100.000000
147 51 100.000000
52 147 100.000000
147 52 100.000000
53 147 100.000000
147 53 100.000000
54 147 100.000000
147 54 100.000000
55 147 100.000000
147 55 100.000000
56 147 100.000000
147 56 100.000000
57 147 100.000000
147 57 100.000000
58 147 100.000000
147 58 100.000000
59 147 100.000000
147 59 100.000000
60 147 100.000000
147 60 100.000000
61 147 100.000000
147 61 100.000000
62 147 100.000000
147 62 100.000000
63 147 100.000000
147 63 100.000000
64 148 100.000000
148 64 100.000000
65 148 100.000000
148 65 100.000000
66 148 100.000000
148 66 100.000000
67 148 100.000000
148 67 100.000000
68 148 100.000000
148 68 100.000000
69 148 100.000000
148 69 100.000000
70 148 100.000000
148 70 100.000000
71 148 100.000000
148 71 100.000000
72 148 100.000000
148 72 100.000000
73 148 100.000000
148 73 100.000000
74 148 100.000000
148 74 100.000000
75 148 100.000000
148 75 100.000000
76 148 100.000000
148 76 100.000000
77 148 100.000000
148 77 100.000000
78 148 100.000000
148 78 100.000000
79 148 100.000000
148 79 100.000000
80 149 100.000000
149 80 100.000000
81 149 100.000000
149 81 100.000000
82 149 100.000000
149 82 100.000000
83 149 100.000000
149 83 100.000000
84 149 100.000000
149 84 100.000000
85 149 100.000000
149 85 100.000000
86 149 100.000000
149 86 100.000000
87 149 100.000000
149 87 100.000000
88 149 100.000000
149 88 100.000000
89 149 100.000000
149 89 100.000000
90 149 100.000000
149 90 100.000000
91 149 100.000000
149 91 100.000000
92 149 100.000000
149 92 100.000000
93 149 100.000000
149 93 100.000000
94 149 100.000000
149 94 100.000000
95 149 100.000000
149 95 100.000000
96 150 100.000000
150 96 100.000000
97 150 100.000000
150 97 100.000000
98 150 100.000000
150 98 100.000000
99 150 100.000000
150 99 100.000000
100 150 100.000000
150 100 100.000000
101 150 100.000000
150 101 100.000000
102 150 100.000000
150 102 100.000000
103 150 100.000000
150 103 100.000000
104 150 100.000000
150 104 100.000000
105 150 100.000000
150 105 100.000000
106 150 100.000000
150 106 100.000000
107 150 100.000000
150 107 100.000000
108 150 100.000000
150 108 100.000000
109 150 100.000000
150 109 100.000000
110 150 100.000000
150 110 100.000000
111 150 100.000000
150 111 100.000000
112 151 100.000000
151 112 100.000000
113 151 100.000000
151 113 100.000000
114 151 100.000000
151 114 100.000000
115 151 100.000000
151 115 100.000000
116 151 100.000000
151 116 100.000000
117 151 100.000000
151 117 100.000000
118 151 100.000000
151 118 100.000000
119 151 100.000000
151 119 100.000000
120 151 100.000000
151 120 100.000000
121 151 100.000000
151 121 100.000000
122 151 100.000000
151 122 100.000000
123 151 100.000000
151 123 100.000000
124 151 100.000000
151 124 100.000000
125 151 100.000000
151 125 100.000000
126 151 100.000000
151 126 100.000000
127 151 100.000000
151 127 100.000000
128 152 100.000000
152 128 100.000000
129 152 100.000000
152 129 100.000000
130 152 100.000000
152 130 100.000000
131 152 100.000000
152 131 100.000000
132 152 100.000000
152 132 100.000000
133 152 100.000000
152 133 100.000000
134 152 100.000000
152 134 100.000000
135 152 100.000000
152 135 100.000000
136 152 100.000000
152 136 100.000000
137 152 100.000000
152 137 100.000000
138 152 100.000000
152 138 100.000000
139 152 100.000000
152 139 100.000000
140 152 100.000000
152 140 100.000000
141 152 100.000000
152 141 100.000000
142 152 100.000000
152 142 100.000000
143 152 100.000000
152 143 100.000000
144 153 400.000000
153 144 400.000000
144 154 400.000000
154 144 400.000000
144 155 400.000000
155 144 400.000000
144 156 400.000000
156 144 400.000000
145 153 400.000000
153 145 400.000000
145 154 400.000000
154 145 400.000000
145 155 400.000000
155 145 400.000000
145 156 400.000000
156 145 400.000000
146 153 400.000000
153 146 400.000000
146 154 400.000000
154 146 400.000000
146 155 400.000000
155 146 400.000000
146 156 400.000000
156 146 400.000000
147 153 400.000000
153 147 400.000000
147 154 400.000000
154 147 400.000000
147 155 400.000000
155 147 400.000000
147 156 400.000000
156 147 400.000000
148 153 400.000000
153 148 400.000000
148 154 400.000000
154 148 400.000000
148 155 400.000000
155 148 400.000000
148 156 400.000000
156 148 400.000000
149 153 400.000000
153 149 400.000000
149 154 400.000000
154 149 400.000000
149 155 400.000000
155 149 400.000000
149 156 400.000000
156 149 400.000000
150 153 400.000000
153 150 400.000000
150 154 400.000000
154 150 400.000000
150 155 400.000000
155 150 400.000000
150 156 400.000000
156 150 400.000000
151 153 400.000000
153 151 400.000000
151 154 400.000000
154 151 400.000000
151 155 400.000000
155 151 400.000000
151 156 400.000000
156 151 400.000000
152 153 400.000000
153 152 400.000000
152 154 400.000000
154 152 400.000000
152 155 400.000000
155 152 400.000000
152 156 400.000000
156 152 400.000000
